// Arduino
offset_x = 173.0000000
offset_y = 211.0000000
offset_z = 50.0000000
t_offs = 1.2000000
sens_x = 0.0117188
sens_y = 0.0139062
sens_z = 0.0742188
t_sens = 0.0390625
tco_x = 0.2812500
tco_y = 0.4062500
tco_z = 0.0625000
tcs_x = -0.0011597
tcs_y = -0.0012207
tcs_z = -0.0014428
dut_t0 = 30.0703125
cross_x_y = 0.0025000
cross_y_x = 0.0025000
cross_z_x = -0.0100000
cross_z_y = -0.0112500
lsb_to_ut_degc[0] = 0.0070700
lsb_to_ut_degc[1] = 0.0070700
lsb_to_ut_degc[2] = 0.0071750
lsb_to_ut_degc[3] = 0.0009813

offset_x = 173.000000
offset_y = 211.000000
offset_z = 50.000000
t_offs = 1.200000
sens_x = 0.011719
sens_y = 0.013906
sens_z = 0.074219
t_sens = 0.039062
tco_x = 0.281250
tco_y = 0.406250
tco_z = 0.062500
tcs_x = -0.001160
tcs_y = -0.001221
tcs_z = -0.001443
dut_t0 = 30.070312
cross_x_y = 0.002500
cross_y_x = 0.002500
cross_z_x = -0.010000
cross_z_y = -0.011250
lsb_to_ut_degc[0] = 0.007070
lsb_to_ut_degc[1] = 0.007070
lsb_to_ut_degc[2] = 0.007175
lsb_to_ut_degc[3] = 0.000098